500
400
5200
4600
2350
50
1350
450
2650
3050
9700
2000
750
4600
2350
500
50
850
150
2000
50
1350
450
2650
3050
9700
2000
750
500
50
850
150
1350
450
2650
3050
9700
2000
6500
2100
450
450
450
450
6450
1850
0
2050
2050
8950
1900
50
6000
3750
1950
1450
2050
200
1400
1800
1400
1400

4300
2100
3900
3800
16400
6350
6100
5250
17100
17200
0
17150
0
4750
20350
24800
26550
0
29900
4450
10800
0
0
24600
32750
100
0
2450
4650
7350
4400
2200
3600
800
500
1150
400
2000
600
400
800
550
450
450
700
350
0
24700
100
500
950
500
750
29200
2450
3350
5450
1550
2000
1750
1200
1350
50
0
0
0
0
0
0
0
0
0
0
0
0
0
0
24700
100
500
950
500
750
29200
2450
3350
5450
4650
14050
4200
0
50
6950
4250
4750
12750
2350
20300
950
9100
2950
0
0
0
0
50
0
0
0
0
1200
1400
0
0
0
0
0
0
0
0
0
650
0
0
0
0
0
0
0
0
0
0
0
0
0
0
0
0
0
0
0
0
0
0
0
0
0
0
0
0
0
0
0
0
0
0
0
0
0
0
0
0
0
0
0
0
0
0
0
6400
1500
2000
2000
0
50
0